00 0
016100 0
0377777700 0
03777777076578616d706c6503636f6d00 0
3f61616161616161616161616161616161616161616161616161616161616161616161616161616161616161616161616161616161616161616161616161616100 0
3f6161616161616161616161616161616161616161616161616161616161616161616161616161616161616161616161616161616161616161616161616161613f6161616161616161616161616161616161616161616161616161616161616161616161616161616161616161616161616161616161616161616161616161613f6161616161616161616161616161616161616161616161616161616161616161616161616161616161616161616161616161616161616161616161616161613d6161616161616161616161616161616161616161616161616161616161616161616161616161616161616161616161616161616161616161616161616100 0
3f6161616161616161616161616161616161616161616161616161616161616161616161616161616161616161616161616161616161616161616161616161613f6161616161616161616161616161616161616161616161616161616161616161616161616161616161616161616161616161616161616161616161616161613f6161616161616161616161616161616161616161616161616161616161616161616161616161616161616161616161616161616161616161616161616161613f61616161616161616161616161616161616161616161616161616161616161616161616161616161616161616161616161616161616161616161616161616100 0
40616263 0
41616263 0
7f616263 0
80616263 0
81616263 0
bf616263 0
016100016200 0
016101620163000178c002 8
016101620163000178c006 8
016101620163000178c0020179c004 11
0161016200c000 5
c000 0
c002c000 0
0161c000 0
0161c001 0
0161c002 2
0161c004016200 0
0161c005 2
0161016200c002 5
0161016200c004 5
03 0
0377 0
037777 0
03777777 0
0377777707 0
037777770765 0
03777777076578 0
0377777707657861 0
03777777076578616d 0
03777777076578616d70 0
03777777076578616d706c 0
03777777076578616d706c65 0
03777777076578616d706c6503 0
03777777076578616d706c650363 0
03777777076578616d706c6503636f 0
03777777076578616d706c6503636f6d 0
c0 0
0161c0 0
00 1
016100 5
0377777700 99
016100c000 3
016100c000 4
