OK 0 3 1 1 1 0
OK -1 1 1 0 0 -1
OK -2 1 1 0 0 -1
OK -3 1 1 0 0 -1
OK -4 1 1 0 0 -1
OK -2 1 1 0 0 -1
OK -3 1 1 0 0 -1
OK -3 1 1 0 0 -1
OK -1 1 1 0 0 -1
OK -2 1 1 0 0 -1
OK -2 1 1 0 0 -1
OK -3 1 1 0 0 -1
OK -1 1 1 0 0 -1
OK -2 1 1 0 0 -1
OK -3 1 1 0 0 -1
OK -8 1 1 0 0 -1
OK -1 1 1 0 0 -1
OK -1 1 1 0 0 -1
OK -2 1 1 0 0 -1
OK -2 1 1 0 0 -1
OK 1 2 1 1 0 1
OK 0 3 2 1 1 0
OK -1 1 2 0 0 -1
OK -2 1 2 0 0 -1
OK -3 1 2 0 0 1
OK -1 1 2 0 0 1
OK -2 1 2 0 0 1
OK -2 1 2 0 0 1
OK -1 4 1 0 0 -1
OK -1 4 1 0 0 -1
OK -1 1 2 0 0 -1
OK -2 1 2 0 0 -1
OK -1 4 1 0 0 -1
OK -1 4 1 0 0 1
OK -1 4 1 0 0 -1
OK -7 1 2 0 0 1
OK -1 4 1 0 0 -1
OK -1 4 1 0 0 -1
OK -1 4 1 0 0 1
OK -1 4 1 0 0 1
OK 2 2 1 1 0 1
OK 1 2 2 1 0 1
OK 0 3 3 1 1 0
OK -1 1 3 0 0 1
OK -2 1 3 0 0 1
OK -1 4 2 0 0 1
OK -1 1 3 0 0 1
OK -1 1 3 0 0 1
OK -1 4 1 0 0 1
OK -1 4 1 0 0 -1
OK 0 3 3 1 1 0
OK -1 1 3 0 0 1
OK -1 4 1 0 0 1
OK -1 4 1 0 0 1
OK -1 4 1 0 0 1
OK -6 1 3 0 0 1
OK -1 4 1 0 0 1
OK -1 4 1 0 0 1
OK -1 4 1 0 0 1
OK -1 4 1 0 0 1
OK 3 2 1 1 0 1
OK 2 2 2 1 0 1
OK 1 2 3 1 0 -1
OK 0 3 4 1 1 0
OK 1 4 3 0 0 1
OK -1 4 2 0 0 1
OK 1 4 3 0 0 1
OK 1 4 3 0 0 1
OK -1 4 1 0 0 1
OK -1 4 1 0 0 -1
OK 1 2 3 1 0 -1
OK 0 3 4 1 1 0
OK -1 4 1 0 0 1
OK -1 4 1 0 0 1
OK -1 4 1 0 0 -1
OK 1 4 3 0 0 1
OK -1 4 1 0 0 -1
OK -1 4 1 0 0 -1
OK -1 4 1 0 0 1
OK -1 4 1 0 0 1
OK 4 2 1 1 0 1
OK 3 2 2 1 0 -1
OK 2 2 3 1 0 -1
OK -1 4 3 0 0 -1
OK 0 3 5 1 1 0
OK -1 4 2 0 0 -1
OK 1 4 3 0 0 -1
OK 1 2 4 1 0 -1
OK -1 4 1 0 0 -1
OK -1 4 1 0 0 -1
OK 2 2 3 1 0 -1
OK -1 4 3 0 0 -1
OK -1 4 1 0 0 -1
OK -1 4 1 0 0 -1
OK -1 4 1 0 0 -1
OK -1 4 3 0 0 1
OK -1 4 1 0 0 -1
OK -1 4 1 0 0 -1
OK -1 4 1 0 0 -1
OK -1 4 1 0 0 -1
OK 2 2 1 1 0 1
OK 1 2 2 1 0 -1
OK 1 4 2 0 0 -1
OK 1 4 2 0 0 -1
OK 1 4 2 0 0 1
OK 0 3 3 1 1 0
OK 1 4 2 0 0 1
OK 1 4 2 0 0 1
OK -1 4 1 0 0 -1
OK -1 4 1 0 0 -1
OK 1 4 2 0 0 -1
OK 1 4 2 0 0 -1
OK -1 4 1 0 0 -1
OK -1 4 1 0 0 -1
OK -1 4 1 0 0 -1
OK 1 4 2 0 0 1
OK -1 4 1 0 0 -1
OK -1 4 1 0 0 -1
OK -1 4 1 0 0 1
OK -1 4 1 0 0 1
OK 3 2 1 1 0 1
OK 2 2 2 1 0 -1
OK 1 2 3 1 0 -1
OK -1 4 3 0 0 -1
OK -1 4 3 0 0 1
OK -1 4 2 0 0 -1
OK 0 3 4 1 1 0
OK -1 4 3 0 0 -1
OK -1 4 1 0 0 -1
OK -1 4 1 0 0 -1
OK 1 2 3 1 0 -1
OK -1 4 3 0 0 -1
OK -1 4 1 0 0 -1
OK -1 4 1 0 0 -1
OK -1 4 1 0 0 -1
OK -1 4 3 0 0 1
OK -1 4 1 0 0 -1
OK -1 4 1 0 0 -1
OK -1 4 1 0 0 1
OK -1 4 1 0 0 1
OK 3 2 1 1 0 1
OK 2 2 2 1 0 -1
OK 1 2 3 1 0 -1
OK -1 4 3 0 0 -1
OK -1 1 4 0 0 1
OK -1 4 2 0 0 -1
OK 1 4 3 0 0 1
OK 0 3 4 1 1 0
OK -1 4 1 0 0 -1
OK -1 4 1 0 0 -1
OK 1 2 3 1 0 -1
OK -1 4 3 0 0 -1
OK -1 4 1 0 0 -1
OK -1 4 1 0 0 -1
OK -1 4 1 0 0 -1
OK -1 4 3 0 0 1
OK -1 4 1 0 0 -1
OK -1 4 1 0 0 -1
OK -1 4 1 0 0 1
OK -1 4 1 0 0 1
OK 1 2 1 1 0 1
OK 1 4 1 0 0 1
OK 1 4 1 0 0 -1
OK 1 4 1 0 0 -1
OK 1 4 1 0 0 1
OK 1 4 1 0 0 1
OK 1 4 1 0 0 1
OK 1 4 1 0 0 1
OK 0 3 2 1 1 0
OK -1 1 2 0 0 -1
OK 1 4 1 0 0 -1
OK 1 4 1 0 0 -1
OK 1 4 1 0 0 1
OK -1 4 1 0 0 1
OK -1 4 1 0 0 -1
OK 1 4 1 0 0 1
OK 1 4 1 0 0 -1
OK 1 4 1 0 0 -1
OK 1 4 1 0 0 1
OK 1 4 1 0 0 1
OK 2 2 1 1 0 1
OK 1 4 1 0 0 1
OK 1 4 1 0 0 1
OK 1 4 1 0 0 1
OK 1 4 1 0 0 1
OK 1 4 1 0 0 1
OK 1 4 1 0 0 1
OK 1 4 1 0 0 1
OK 1 2 2 1 0 1
OK 0 3 3 1 1 0
OK 1 4 1 0 0 1
OK 1 4 1 0 0 1
OK 1 4 1 0 0 1
OK -1 4 1 0 0 1
OK -1 4 1 0 0 1
OK 1 4 1 0 0 1
OK 1 4 1 0 0 1
OK 1 4 1 0 0 1
OK 1 4 1 0 0 1
OK 1 4 1 0 0 1
OK 2 2 1 1 0 1
OK 1 2 2 1 0 1
OK 0 3 3 1 1 0
OK -1 1 3 0 0 1
OK -2 1 3 0 0 1
OK -1 4 2 0 0 1
OK -1 1 3 0 0 1
OK -1 1 3 0 0 1
OK -1 4 1 0 0 1
OK -1 4 1 0 0 -1
OK 0 3 3 1 1 0
OK -1 1 3 0 0 1
OK -1 4 1 0 0 1
OK -1 4 1 0 0 1
OK -1 4 1 0 0 1
OK -6 1 3 0 0 1
OK -1 4 1 0 0 1
OK -1 4 1 0 0 1
OK -1 4 1 0 0 1
OK -1 4 1 0 0 1
OK 3 2 1 1 0 1
OK 2 2 2 1 0 1
OK 1 2 3 1 0 -1
OK 0 3 4 1 1 0
OK 1 4 3 0 0 1
OK -1 4 2 0 0 1
OK 1 4 3 0 0 1
OK 1 4 3 0 0 1
OK -1 4 1 0 0 1
OK -1 4 1 0 0 -1
OK 1 2 3 1 0 -1
OK 0 3 4 1 1 0
OK -1 4 1 0 0 1
OK -1 4 1 0 0 1
OK -1 4 1 0 0 -1
OK 1 4 3 0 0 1
OK -1 4 1 0 0 -1
OK -1 4 1 0 0 -1
OK -1 4 1 0 0 1
OK -1 4 1 0 0 1
OK 1 2 1 1 0 1
OK 1 4 1 0 0 1
OK 1 4 1 0 0 -1
OK 1 4 1 0 0 -1
OK 1 4 1 0 0 1
OK 1 4 1 0 0 1
OK 1 4 1 0 0 1
OK 1 4 1 0 0 1
OK -1 4 1 0 0 -1
OK -1 4 1 0 0 -1
OK 1 4 1 0 0 -1
OK 1 4 1 0 0 -1
OK 0 3 2 1 1 0
OK -1 4 1 0 0 1
OK -1 4 1 0 0 -1
OK 1 4 1 0 0 1
OK 1 4 1 0 0 -1
OK 1 4 1 0 0 -1
OK 1 4 1 0 0 1
OK 1 4 1 0 0 1
OK 2 2 1 1 0 1
OK 1 4 1 0 0 -1
OK 1 4 1 0 0 -1
OK 1 4 1 0 0 -1
OK 1 4 1 0 0 1
OK 1 4 1 0 0 1
OK 1 4 1 0 0 1
OK 1 4 1 0 0 1
OK 1 4 1 0 0 -1
OK 1 4 1 0 0 -1
OK 1 4 1 0 0 -1
OK 1 4 1 0 0 -1
OK 1 4 1 0 0 -1
OK 0 3 3 1 1 0
OK -1 1 3 0 0 -1
OK 1 4 1 0 0 1
OK 1 4 1 0 0 -1
OK 1 4 1 0 0 -1
OK 1 4 1 0 0 1
OK 1 4 1 0 0 1
OK 3 2 1 1 0 1
OK 1 4 1 0 0 1
OK 1 4 1 0 0 -1
OK 1 4 1 0 0 1
OK 1 4 1 0 0 1
OK 1 4 1 0 0 1
OK 1 4 1 0 0 1
OK 1 4 1 0 0 1
OK 1 4 1 0 0 1
OK 1 4 1 0 0 -1
OK 1 4 1 0 0 -1
OK 1 4 1 0 0 1
OK 1 4 1 0 0 1
OK 1 2 3 1 0 1
OK 0 3 4 1 1 0
OK 1 4 1 0 0 1
OK 1 4 1 0 0 1
OK 1 4 1 0 0 1
OK 1 4 1 0 0 1
OK 1 4 1 0 0 1
OK 8 2 1 1 0 1
OK 7 2 2 1 0 -1
OK 6 2 3 1 0 -1
OK -1 4 3 0 0 -1
OK 1 4 3 0 0 -1
OK -1 4 2 0 0 -1
OK 1 4 3 0 0 -1
OK 1 4 3 0 0 -1
OK -1 4 1 0 0 -1
OK -1 4 1 0 0 -1
OK 6 2 3 1 0 -1
OK -1 4 3 0 0 -1
OK -1 4 1 0 0 -1
OK -1 4 1 0 0 -1
OK -1 4 1 0 0 -1
OK 0 3 9 1 1 0
OK -1 4 1 0 0 -1
OK -1 4 1 0 0 -1
OK -1 4 1 0 0 -1
OK -1 4 1 0 0 -1
OK 1 2 1 1 0 1
OK 1 4 1 0 0 1
OK 1 4 1 0 0 -1
OK 1 4 1 0 0 1
OK 1 4 1 0 0 1
OK 1 4 1 0 0 1
OK 1 4 1 0 0 1
OK 1 4 1 0 0 1
OK -1 4 1 0 0 1
OK -1 4 1 0 0 -1
OK 1 4 1 0 0 -1
OK 1 4 1 0 0 1
OK -1 4 1 0 0 1
OK -1 4 1 0 0 1
OK -1 4 1 0 0 -1
OK 1 4 1 0 0 1
OK 0 3 2 1 1 0
OK 0 3 2 1 1 0
OK -1 1 2 0 0 1
OK -1 1 2 0 0 1
OK 1 2 1 1 0 1
OK 1 4 1 0 0 1
OK 1 4 1 0 0 -1
OK 1 4 1 0 0 1
OK 1 4 1 0 0 1
OK 1 4 1 0 0 1
OK 1 4 1 0 0 1
OK 1 4 1 0 0 1
OK -1 4 1 0 0 1
OK -1 4 1 0 0 -1
OK 1 4 1 0 0 -1
OK 1 4 1 0 0 1
OK -1 4 1 0 0 1
OK -1 4 1 0 0 1
OK -1 4 1 0 0 -1
OK 1 4 1 0 0 1
OK 0 3 2 1 1 0
OK 0 3 2 1 1 0
OK -1 1 2 0 0 1
OK -1 1 2 0 0 1
OK 2 2 1 1 0 1
OK 1 4 1 0 0 -1
OK 1 4 1 0 0 -1
OK 1 4 1 0 0 -1
OK 1 4 1 0 0 1
OK 1 4 1 0 0 -1
OK 1 4 1 0 0 -1
OK 1 4 1 0 0 -1
OK -1 4 1 0 0 -1
OK -1 4 1 0 0 -1
OK 1 4 1 0 0 -1
OK 1 4 1 0 0 -1
OK -1 4 1 0 0 -1
OK -1 4 1 0 0 -1
OK -1 4 1 0 0 -1
OK 1 4 1 0 0 1
OK 1 2 2 1 0 -1
OK 1 2 2 1 0 -1
OK 0 3 3 1 1 0
OK 0 3 3 1 1 0
OK 2 2 1 1 0 1
OK 1 4 1 0 0 -1
OK 1 4 1 0 0 -1
OK 1 4 1 0 0 -1
OK 1 4 1 0 0 1
OK 1 4 1 0 0 -1
OK 1 4 1 0 0 -1
OK 1 4 1 0 0 -1
OK -1 4 1 0 0 -1
OK -1 4 1 0 0 -1
OK 1 4 1 0 0 -1
OK 1 4 1 0 0 -1
OK -1 4 1 0 0 -1
OK -1 4 1 0 0 -1
OK -1 4 1 0 0 -1
OK 1 4 1 0 0 1
OK 1 2 2 1 0 -1
OK 1 2 2 1 0 -1
OK 0 3 3 1 1 0
OK 0 3 3 1 1 0
OK 0 3 3 1 1 0
OK -1 4 2 0 0 -1
OK -1 4 2 0 0 -1
OK -1 4 2 0 0 -1
OK -1 4 2 0 0 -1
OK -1 4 2 0 0 -1
OK 1 4 2 0 0 1
OK 0 3 3 1 1 0
OK -1 4 2 0 0 -1
OK -1 4 2 0 0 -1
OK 1 4 2 0 0 1
OK 1 4 2 0 0 1
OK 1 4 2 0 0 1
OK 1 4 2 0 0 1
OK 0 3 3 1 1 0
OK -1 4 2 0 0 -1
OK 1 4 2 0 0 1
OK 1 4 2 0 0 1
OK 1 4 2 0 0 1
OK 1 4 2 0 0 1
OK 1 4 2 0 0 1
OK 0 3 3 1 1 0
OK 1 4 2 0 0 1
OK 1 4 2 0 0 1
OK 1 4 2 0 0 1
OK -1 4 2 0 0 -1
OK -1 4 2 0 0 -1
OK -1 4 2 0 0 -1
OK 0 3 3 1 1 0
OK -1 4 2 0 0 -1
OK 1 4 2 0 0 1
OK -1 4 2 0 0 -1
OK -1 4 2 0 0 -1
OK -1 4 2 0 0 -1
OK 1 4 2 0 0 1
OK 0 3 3 1 1 0
OK 1 4 1 0 0 1
OK -1 4 1 0 0 -1
OK 1 4 1 0 0 1
